            1           2           3
            1           3           4
            1           4           5
            1           5           2
            2           6           7
            7           3           2
            3           7           8
            3           8           9
            9           4           3
            4           9          10
            4          10          11
           11           5           4
            5          11          12
            5          12          13
           13           2           5
            2          13           6
            6          14          15
           15           7           6
            7          15          16
           16           8           7
            8          16          17
            8          17          18
           18           9           8
            9          18          19
           19          10           9
           10          19          20
           10          20          21
           21          11          10
           11          21          22
           22          12          11
           12          22          23
           12          23          24
           24          13          12
           13          24          25
           25           6          13
            6          25          14
           14          26          27
           27          15          14
           15          27          28
           28          16          15
           16          28          29
           29          17          16
           17          29          30
           17          30          31
           31          18          17
           18          31          32
           32          19          18
           19          32          33
           33          20          19
           20          33          34
           20          34          35
           35          21          20
           21          35          36
           36          22          21
           22          36          37
           37          23          22
           23          37          38
           23          38          39
           39          24          23
           24          39          40
           40          25          24
           25          40          41
           41          14          25
           14          41          26
           26          42          43
           43          27          26
           27          43          44
           44          28          27
           28          44          45
           45          29          28
           29          45          46
           46          30          29
           30          46          47
           30          47          48
           48          31          30
           31          48          49
           49          32          31
           32          49          50
           50          33          32
           33          50          51
           51          34          33
           34          51          52
           34          52          53
           53          35          34
           35          53          54
           54          36          35
           36          54          55
           55          37          36
           37          55          56
           56          38          37
           38          56          57
           38          57          58
           58          39          38
           39          58          59
           59          40          39
           40          59          60
           60          41          40
           41          60          61
           61          26          41
           26          61          42
           42          62          63
           63          43          42
           43          63          64
           64          44          43
           44          64          65
           65          45          44
           45          65          66
           66          46          45
           46          66          67
           67          47          46
           47          67          68
           47          68          69
           69          48          47
           48          69          70
           70          49          48
           49          70          71
           71          50          49
           50          71          72
           72          51          50
           51          72          73
           73          52          51
           52          73          74
           52          74          75
           75          53          52
           53          75          76
           76          54          53
           54          76          77
           77          55          54
           55          77          78
           78          56          55
           56          78          79
           79          57          56
           57          79          80
           57          80          81
           81          58          57
           58          81          82
           82          59          58
           59          82          83
           83          60          59
           60          83          84
           84          61          60
           61          84          85
           85          42          61
           42          85          62
           62          86          87
           87          63          62
           63          87          88
           88          64          63
           64          88          89
           89          65          64
           65          89          90
           90          66          65
           66          90          91
           91          67          66
           67          91          92
           92          68          67
           68          92          93
           68          93          94
           94          69          68
           69          94          95
           95          70          69
           70          95          96
           96          71          70
           71          96          97
           97          72          71
           72          97          98
           98          73          72
           73          98          99
           99          74          73
           74          99         100
           74         100         101
          101          75          74
           75         101         102
          102          76          75
           76         102         103
          103          77          76
           77         103         104
          104          78          77
           78         104         105
          105          79          78
           79         105         106
          106          80          79
           80         106         107
           80         107         108
          108          81          80
           81         108         109
          109          82          81
           82         109         110
          110          83          82
           83         110         111
          111          84          83
           84         111         112
          112          85          84
           85         112         113
          113          62          85
           62         113          86
           86         114         115
          115          87          86
           87         115         116
          116          88          87
           88         116         117
          117          89          88
           89         117         118
          118          90          89
           90         118         119
          119          91          90
           91         119         120
          120          92          91
           92         120         121
          121          93          92
           93         121         122
           93         122         123
          123          94          93
           94         123         124
          124          95          94
           95         124         125
          125          96          95
           96         125         126
          126          97          96
           97         126         127
          127          98          97
           98         127         128
          128          99          98
           99         128         129
          129         100          99
          100         129         130
          100         130         131
          131         101         100
          101         131         132
          132         102         101
          102         132         133
          133         103         102
          103         133         134
          134         104         103
          104         134         135
          135         105         104
          105         135         136
          136         106         105
          106         136         137
          137         107         106
          107         137         138
          107         138         139
          139         108         107
          108         139         140
          140         109         108
          109         140         141
          141         110         109
          110         141         142
          142         111         110
          111         142         143
          143         112         111
          112         143         144
          144         113         112
          113         144         145
          145          86         113
           86         145         114
          114         146         147
          147         115         114
          115         147         148
          148         116         115
          116         148         149
          149         117         116
          117         149         150
          150         118         117
          118         150         151
          151         119         118
          119         151         152
          152         120         119
          120         152         153
          153         121         120
          121         153         154
          154         122         121
          122         154         155
          122         155         156
          156         123         122
          123         156         157
          157         124         123
          124         157         158
          158         125         124
          125         158         159
          159         126         125
          126         159         160
          160         127         126
          127         160         161
          161         128         127
          128         161         162
          162         129         128
          974         129         971
          130         991         993
          130         993         999
         1005        1007         131
          163         132         131
          132         163         164
          164         133         132
          133         164         165
          165         134         133
          134         165         166
          166         135         134
          135         166         167
          167         136         135
          136         167         168
          168         137         136
          137         168         169
          169         138         137
          138         169         170
          138         170         171
          171         139         138
          139         171         172
          172         140         139
          140         172         173
          173         141         140
          141         173         174
          174         142         141
          142         174         175
          175         143         142
          143         175         176
          176         144         143
          144         176         177
          177         145         144
          145         177         178
          178         114         145
          114         178         146
          146         179         180
          180         147         146
          147         180         181
          181         148         147
          148         181         182
          182         149         148
          149         182         183
          183         150         149
          150         183         184
          184         151         150
          151         184         185
          185         152         151
          152         185         186
          186         153         152
          153         186         187
          187         154         153
          154         187         188
          188         155         154
          155         188         189
          155         189         190
          190         156         155
          156         190         191
          191         157         156
          157         191         192
          192         158         157
          158         192         193
          193         159         158
          159         193         194
          194         160         159
          160         194         195
          195         161         160
          161         195         196
          196         162         161
          162         947         955
          163        1009        1025
          163         197         198
          198         164         163
          164         198         199
          199         165         164
          165         199         200
          200         166         165
          166         200         201
          201         167         166
          167         201         202
          202         168         167
          168         202         203
          203         169         168
          169         203         204
          204         170         169
          170         204         205
          170         205         206
          206         171         170
          171         206         207
          207         172         171
          172         207         208
          208         173         172
          173         208         209
          209         174         173
          174         209         210
          210         175         174
          175         210         211
          211         176         175
          176         211         212
          212         177         176
          177         212         213
          213         178         177
          178         213         214
          214         146         178
          146         214         179
          179         215         216
          216         180         179
          180         216         217
          217         181         180
          181         217         218
          218         182         181
          182         218         219
          219         183         182
          183         219         220
          220         184         183
          184         220         221
          221         185         184
          185         221         222
          222         186         185
          186         222         223
          223         187         186
          187         223         224
          224         188         187
          188         224         225
          225         189         188
          189         225         226
          189         226         227
          227         190         189
          190         227         228
          228         191         190
          191         228         229
          229         192         191
          192         229         230
          230         193         192
          193         230         231
          231         194         193
          194         231         232
          232         195         194
          195         232         233
          233         196         195
          196         233         234
          949         947         196
          197        1029        1032
          197         235         236
          236         198         197
          198         236         237
          237         199         198
          199         237         238
          238         200         199
          200         238         239
          239         201         200
          201         239         240
          240         202         201
          202         240         241
          241         203         202
          203         241         242
          242         204         203
          204         242         243
          243         205         204
          205         243         244
          205         244         245
          245         206         205
          206         245         246
          246         207         206
          207         246         247
          247         208         207
          208         247         248
          248         209         208
          209         248         249
          249         210         209
          210         249         250
          250         211         210
          211         250         251
          251         212         211
          212         251         252
          252         213         212
          213         252         253
          253         214         213
          214         253         254
          254         179         214
          179         254         215
          255         216         215
          256         216         255
          256         217         216
          257         217         256
          257         218         217
          258         218         257
          258         219         218
          259         219         258
          259         220         219
          260         220         259
          260         221         220
          261         221         260
          261         222         221
          262         222         261
          262         223         222
          263         223         262
          263         224         223
          264         224         263
          264         225         224
          265         225         264
          265         226         225
          265         227         226
          266         227         265
          266         228         227
          267         228         266
          267         229         228
          268         229         267
          268         230         229
          269         230         268
          269         231         230
          270         231         269
          270         232         231
          271         232         270
          271         233         232
          272         233         271
          272         234         233
          235        1037        1036
          273         236         235
          274         236         273
          274         237         236
          275         237         274
          275         238         237
          276         238         275
          276         239         238
          277         239         276
          277         240         239
          278         240         277
          278         241         240
          279         241         278
          279         242         241
          280         242         279
          280         243         242
          281         243         280
          281         244         243
          281         245         244
          282         245         281
          282         246         245
          283         246         282
          283         247         246
          284         247         283
          284         248         247
          285         248         284
          285         249         248
          286         249         285
          286         250         249
          287         250         286
          287         251         250
          288         251         287
          288         252         251
          289         252         288
          289         253         252
          290         253         289
          290         254         253
          255         254         290
          255         215         254
          291         256         255
          292         256         291
          292         257         256
          293         257         292
          293         258         257
          294         258         293
          294         259         258
          295         259         294
          295         260         259
          296         260         295
          296         261         260
          297         261         296
          297         262         261
          298         262         297
          298         263         262
          299         263         298
          299         264         263
          300         264         299
          300         265         264
          300         266         265
          301         266         300
          301         267         266
          302         267         301
          302         268         267
          303         268         302
          303         269         268
          304         269         303
          304         270         269
          305         270         304
          305         271         270
          306         271         305
          306         272         271
          307         272         306
          968         963         272
         1020         308        1039
          308         274         273
          309         274         308
          309         275         274
          310         275         309
          310         276         275
          311         276         310
          311         277         276
          312         277         311
          312         278         277
          313         278         312
          313         279         278
          314         279         313
          314         280         279
          315         280         314
          315         281         280
          315         282         281
          316         282         315
          316         283         282
          317         283         316
          317         284         283
          318         284         317
          318         285         284
          319         285         318
          319         286         285
          320         286         319
          320         287         286
          321         287         320
          321         288         287
          322         288         321
          322         289         288
          323         289         322
          323         290         289
          291         290         323
          291         255         290
          324         292         291
          325         292         324
          325         293         292
          326         293         325
          326         294         293
          327         294         326
          327         295         294
          328         295         327
          328         296         295
          329         296         328
          329         297         296
          330         297         329
          330         298         297
          331         298         330
          331         299         298
          332         299         331
          332         300         299
          332         301         300
          333         301         332
          333         302         301
          334         302         333
          334         303         302
          335         303         334
          335         304         303
          336         304         335
          336         305         304
          337         305         336
          337         306         305
          338         306         337
          338         307         306
          339         307         338
          981         979         307
          340        1016        1014
          308        1021        1023
          341         308         340
          341         309         308
          342         309         341
          342         310         309
          343         310         342
          343         311         310
          344         311         343
          344         312         311
          345         312         344
          345         313         312
          346         313         345
          346         314         313
          347         314         346
          347         315         314
          347         316         315
          348         316         347
          348         317         316
          349         317         348
          349         318         317
          350         318         349
          350         319         318
          351         319         350
          351         320         319
          352         320         351
          352         321         320
          353         321         352
          353         322         321
          354         322         353
          354         323         322
          324         323         354
          324         291         323
          355         325         324
          356         325         355
          356         326         325
          357         326         356
          357         327         326
          358         327         357
          358         328         327
          359         328         358
          359         329         328
          360         329         359
          360         330         329
          361         330         360
          361         331         330
          362         331         361
          362         332         331
          362         333         332
          363         333         362
          363         334         333
          364         334         363
          364         335         334
          365         335         364
          365         336         335
          366         336         365
          366         337         336
          367         337         366
          367         338         337
          368         338         367
          368         339         338
          369         339         368
          997         995         369
         1012         369        1014
          370         340         369
          370         341         340
          371         341         370
          371         342         341
          372         342         371
          372         343         342
          373         343         372
          373         344         343
          374         344         373
          374         345         344
          375         345         374
          375         346         345
          376         346         375
          376         347         346
          376         348         347
          377         348         376
          377         349         348
          378         349         377
          378         350         349
          379         350         378
          379         351         350
          380         351         379
          380         352         351
          381         352         380
          381         353         352
          382         353         381
          382         354         353
          355         354         382
          355         324         354
          383         356         355
          384         356         383
          384         357         356
          385         357         384
          385         358         357
          386         358         385
          386         359         358
          387         359         386
          387         360         359
          388         360         387
          388         361         360
          389         361         388
          389         362         361
          389         363         362
          390         363         389
          390         364         363
          391         364         390
          391         365         364
          392         365         391
          392         366         365
          393         366         392
          393         367         366
          394         367         393
          394         368         367
          395         368         394
          395         369         368
          395         370         369
          396         370         395
          396         371         370
          397         371         396
          397         372         371
          398         372         397
          398         373         372
          399         373         398
          399         374         373
          400         374         399
          400         375         374
          401         375         400
          401         376         375
          401         377         376
          402         377         401
          402         378         377
          403         378         402
          403         379         378
          404         379         403
          404         380         379
          405         380         404
          405         381         380
          406         381         405
          406         382         381
          383         382         406
          383         355         382
          407         384         383
          408         384         407
          408         385         384
          409         385         408
          409         386         385
          410         386         409
          410         387         386
          411         387         410
          411         388         387
          412         388         411
          412         389         388
          412         390         389
          413         390         412
          413         391         390
          414         391         413
          414         392         391
          415         392         414
          415         393         392
          416         393         415
          416         394         393
          417         394         416
          417         395         394
          417         396         395
          418         396         417
          418         397         396
          419         397         418
          419         398         397
          420         398         419
          420         399         398
          421         399         420
          421         400         399
          422         400         421
          422         401         400
          422         402         401
          423         402         422
          423         403         402
          424         403         423
          424         404         403
          425         404         424
          425         405         404
          426         405         425
          426         406         405
          407         406         426
          407         383         406
          427         408         407
          428         408         427
          428         409         408
          429         409         428
          429         410         409
          430         410         429
          430         411         410
          431         411         430
          431         412         411
          431         413         412
          432         413         431
          432         414         413
          433         414         432
          433         415         414
          434         415         433
          434         416         415
          435         416         434
          435         417         416
          435         418         417
          436         418         435
          436         419         418
          437         419         436
          437         420         419
          438         420         437
          438         421         420
          439         421         438
          439         422         421
          439         423         422
          440         423         439
          440         424         423
          441         424         440
          441         425         424
          442         425         441
          442         426         425
          427         426         442
          427         407         426
          443         428         427
          444         428         443
          444         429         428
          445         429         444
          445         430         429
          446         430         445
          446         431         430
          446         432         431
          447         432         446
          447         433         432
          448         433         447
          448         434         433
          449         434         448
          449         435         434
          449         436         435
          450         436         449
          450         437         436
          451         437         450
          451         438         437
          452         438         451
          452         439         438
          452         440         439
          453         440         452
          453         441         440
          454         441         453
          454         442         441
          443         442         454
          443         427         442
          455         444         443
          456         444         455
          456         445         444
          457         445         456
          457         446         445
          457         447         446
          458         447         457
          458         448         447
          459         448         458
          459         449         448
          459         450         449
          460         450         459
          460         451         450
          461         451         460
          461         452         451
          461         453         452
          462         453         461
          462         454         453
          455         454         462
          455         443         454
          463         456         455
          464         456         463
          464         457         456
          464         458         457
          465         458         464
          465         459         458
          465         460         459
          466         460         465
          466         461         460
          466         462         461
          463         462         466
          463         455         462
          467         464         463
          467         465         464
          467         466         465
          467         463         466
          468         469         470
          468         470         471
          468         471         472
          468         472         469
          469         473         474
          474         470         469
          470         474         475
          470         475         476
          476         471         470
          471         476         477
          471         477         478
          478         472         471
          472         478         479
          472         479         480
          480         469         472
          469         480         473
          473         481         482
          482         474         473
          474         482         483
          483         475         474
          475         483         484
          475         484         485
          485         476         475
          476         485         486
          486         477         476
          477         486         487
          477         487         488
          488         478         477
          478         488         489
          489         479         478
          479         489         490
          479         490         491
          491         480         479
          480         491         492
          492         473         480
          473         492         481
          481         493         494
          494         482         481
          482         494         495
          495         483         482
          483         495         496
          496         484         483
          484         496         497
          484         497         498
          498         485         484
          485         498         499
          499         486         485
          486         499         500
          500         487         486
          487         500         501
          487         501         502
          502         488         487
          488         502         503
          503         489         488
          489         503         504
          504         490         489
          490         504         505
          490         505         506
          506         491         490
          491         506         507
          507         492         491
          492         507         508
          508         481         492
          481         508         493
          493         509         510
          510         494         493
          494         510         511
          511         495         494
          495         511         512
          512         496         495
          496         512         513
          513         497         496
          497         513         514
          497         514         515
          515         498         497
          498         515         516
          516         499         498
          499         516         517
          517         500         499
          500         517         518
          518         501         500
          501         518         519
          501         519         520
          520         502         501
          502         520         521
          521         503         502
          503         521         522
          522         504         503
          504         522         523
          523         505         504
          505         523         524
          505         524         525
          525         506         505
          506         525         526
          526         507         506
          507         526         527
          527         508         507
          508         527         528
          528         493         508
          493         528         509
          509         529         530
          530         510         509
          510         530         531
          531         511         510
          511         531         532
          532         512         511
          512         532         533
          533         513         512
          513         533         534
          534         514         513
          514         534         535
          514         535         536
          536         515         514
          515         536         537
          537         516         515
          516         537         538
          538         517         516
          517         538         539
          539         518         517
          518         539         540
          540         519         518
          519         540         541
          519         541         542
          542         520         519
          520         542         543
          543         521         520
          521         543         544
          544         522         521
          522         544         545
          545         523         522
          523         545         546
          546         524         523
          524         546         547
          524         547         548
          548         525         524
          525         548         549
          549         526         525
          526         549         550
          550         527         526
          527         550         551
          551         528         527
          528         551         552
          552         509         528
          509         552         529
          529         553         554
          554         530         529
          530         554         555
          555         531         530
          531         555         556
          556         532         531
          532         556         557
          557         533         532
          533         557         558
          558         534         533
          534         558         559
          559         535         534
          535         559         560
          535         560         561
          561         536         535
          536         561         562
          562         537         536
          537         562         563
          563         538         537
          538         563         564
          564         539         538
          539         564         565
          565         540         539
          540         565         566
          566         541         540
          541         566         567
          541         567         568
          568         542         541
          542         568         569
          569         543         542
          543         569         570
          570         544         543
          544         570         571
          571         545         544
          545         571         572
          572         546         545
          546         572         573
          573         547         546
          547         573         574
          547         574         575
          575         548         547
          548         575         576
          576         549         548
          549         576         577
          577         550         549
          550         577         578
          578         551         550
          551         578         579
          579         552         551
          552         579         580
          580         529         552
          529         580         553
          553         581         582
          582         554         553
          554         582         583
          583         555         554
          555         583         584
          584         556         555
          556         584         585
          585         557         556
          557         585         586
          586         558         557
          558         586         587
          587         559         558
          559         587         588
          588         560         559
          560         588         589
          560         589         590
          590         561         560
          561         590         591
          591         562         561
          562         591         592
          592         563         562
          563         592         593
          593         564         563
          564         593         594
          594         565         564
          565         594         595
          595         566         565
          566         595         596
          596         567         566
          567         596         597
          567         597         598
          598         568         567
          568         598         599
          599         569         568
          569         599         600
          600         570         569
          570         600         601
          601         571         570
          571         601         602
          602         572         571
          572         602         603
          603         573         572
          573         603         604
          604         574         573
          574         604         605
          574         605         606
          606         575         574
          575         606         607
          607         576         575
          576         607         608
          608         577         576
          577         608         609
          609         578         577
          578         609         610
          610         579         578
          579         610         611
          611         580         579
          580         611         612
          612         553         580
          553         612         581
          581         992         990
          582         989         987
          972         976         583
          613         584         583
          584         613         614
          614         585         584
          585         614         615
          615         586         585
          586         615         616
          616         587         586
          587         616         617
          617         588         587
          588         617         618
          618         589         588
          589         618         619
          589         619         620
          620         590         589
          590         620         621
          621         591         590
          591         621         622
          622         592         591
          592         622         623
          623         593         592
          593         623         624
          624         594         593
          594         624         625
          625         595         594
          595         625         626
          626         596         595
          596         626         627
          627         597         596
          597         627         628
          597         628         629
          629         598         597
          598         629         630
          630         599         598
          599         630         631
          631         600         599
          600         631         632
          632         601         600
          601         632         633
          633         602         601
          602         633         634
          634         603         602
          603         634         635
          635         604         603
          604         635         636
          636         605         604
          605         636         637
          605         637         638
          638         606         605
          606         638         639
          639         607         606
          607         639         640
          640         608         607
          608         640         641
          641         609         608
          609         641         642
          642         610         609
          610         642         643
          643         611         610
          611         643         644
          644         612         611
         1004         612        1006
         1001         992         581
          956         948         645
          645         614         613
          614         645         646
          646         615         614
          615         646         647
          647         616         615
          616         647         648
          648         617         616
          617         648         649
          649         618         617
          618         649         650
          650         619         618
          619         650         651
          619         651         652
          652         620         619
          620         652         653
          653         621         620
          621         653         654
          654         622         621
          622         654         655
          655         623         622
          623         655         656
          656         624         623
          624         656         657
          657         625         624
          625         657         658
          658         626         625
          626         658         659
          659         627         626
          627         659         660
          660         628         627
          628         660         661
          628         661         662
          662         629         628
          629         662         663
          663         630         629
          630         663         664
          664         631         630
          631         664         665
          665         632         631
          632         665         666
          666         633         632
          633         666         667
          667         634         633
          634         667         668
          668         635         634
          635         668         669
          669         636         635
          636         669         670
          670         637         636
          637         670         671
          637         671         672
          672         638         637
          638         672         673
          673         639         638
          639         673         674
          674         640         639
          640         674         675
          675         641         640
          641         675         676
          676         642         641
          642         676         677
          677         643         642
          643         677         678
          678         644         643
          678        1026        1024
          954         959         679
          679         646         645
          646         679         680
          680         647         646
          647         680         681
          681         648         647
          648         681         682
          682         649         648
          649         682         683
          683         650         649
          650         683         684
          684         651         650
          651         684         685
          651         685         686
          686         652         651
          652         686         687
          687         653         652
          653         687         688
          688         654         653
          654         688         689
          689         655         654
          655         689         690
          690         656         655
          656         690         691
          691         657         656
          657         691         692
          692         658         657
          658         692         693
          693         659         658
          659         693         694
          694         660         659
          660         694         695
          695         661         660
          661         695         696
          661         696         697
          697         662         661
          662         697         698
          698         663         662
          663         698         699
          699         664         663
          664         699         700
          700         665         664
          665         700         701
          701         666         665
          666         701         702
          702         667         666
          667         702         703
          703         668         667
          668         703         704
          704         669         668
          669         704         705
          705         670         669
          670         705         706
          706         671         670
          671         706         707
          671         707         708
          708         672         671
          672         708         709
          709         673         672
          673         709         710
          710         674         673
          674         710         711
          711         675         674
          675         711         712
          712         676         675
          676         712         713
          713         677         676
          677         713         714
          714         678         677
          678         714         715
         1031        1030         678
          716         962         966
          716         959         960
          717         679         716
          717         680         679
          718         680         717
          718         681         680
          719         681         718
          719         682         681
          720         682         719
          720         683         682
          721         683         720
          721         684         683
          722         684         721
          722         685         684
          722         686         685
          723         686         722
          723         687         686
          724         687         723
          724         688         687
          725         688         724
          725         689         688
          726         689         725
          726         690         689
          727         690         726
          727         691         690
          728         691         727
          728         692         691
          729         692         728
          729         693         692
          730         693         729
          730         694         693
          731         694         730
          731         695         694
          732         695         731
          732         696         695
          732         697         696
          733         697         732
          733         698         697
          734         698         733
          734         699         698
          735         699         734
          735         700         699
          736         700         735
          736         701         700
          737         701         736
          737         702         701
          738         702         737
          738         703         702
          739         703         738
          739         704         703
          740         704         739
          740         705         704
          741         705         740
          741         706         705
          742         706         741
          742         707         706
          742         708         707
          743         708         742
          743         709         708
          744         709         743
          744         710         709
          745         710         744
          745         711         710
          746         711         745
          746         712         711
          747         712         746
          747         713         712
          748         713         747
          748         714         713
          749         714         748
          749         715         714
          750         982         984
          750         980         982
          978         980         750
          751         964         967
          752         716         751
          752         717         716
          753         717         752
          753         718         717
          754         718         753
          754         719         718
          755         719         754
          755         720         719
          756         720         755
          756         721         720
          757         721         756
          757         722         721
          757         723         722
          758         723         757
          758         724         723
          759         724         758
          759         725         724
          760         725         759
          760         726         725
          761         726         760
          761         727         726
          762         727         761
          762         728         727
          763         728         762
          763         729         728
          764         729         763
          764         730         729
          765         730         764
          765         731         730
          766         731         765
          766         732         731
          766         733         732
          767         733         766
          767         734         733
          768         734         767
          768         735         734
          769         735         768
          769         736         735
          770         736         769
          770         737         736
          771         737         770
          771         738         737
          772         738         771
          772         739         738
          773         739         772
          773         740         739
          774         740         773
          774         741         740
          775         741         774
          775         742         741
          775         743         742
          776         743         775
          776         744         743
          777         744         776
          777         745         744
          778         745         777
          778         746         745
          779         746         778
          779         747         746
          780         747         779
          780         748         747
          781         748         780
          781         749         748
          782         749         781
         1038        1033         749
          783         998         939
          998         784         996
          986         784         984
          785         750         784
          785         751         750
          786         751         785
          786         752         751
          787         752         786
          787         753         752
          788         753         787
          788         754         753
          789         754         788
          789         755         754
          790         755         789
          790         756         755
          791         756         790
          791         757         756
          791         758         757
          792         758         791
          792         759         758
          793         759         792
          793         760         759
          794         760         793
          794         761         760
          795         761         794
          795         762         761
          796         762         795
          796         763         762
          797         763         796
          797         764         763
          798         764         797
          798         765         764
          799         765         798
          799         766         765
          799         767         766
          800         767         799
          800         768         767
          801         768         800
          801         769         768
          802         769         801
          802         770         769
          803         770         802
          803         771         770
          804         771         803
          804         772         771
          805         772         804
          805         773         772
          806         773         805
          806         774         773
          807         774         806
          807         775         774
          807         776         775
          808         776         807
          808         777         776
          809         777         808
          809         778         777
          810         778         809
          810         779         778
          811         779         810
          811         780         779
          812         780         811
          812         781         780
          813         781         812
          813         782         781
          814         782         813
         1017        1022         782
         1011        1013         814
          783         939        1011
          815         784         783
          816         784         815
          816         785         784
          817         785         816
          817         786         785
          818         786         817
          818         787         786
          819         787         818
          819         788         787
          820         788         819
          820         789         788
          821         789         820
          821         790         789
          822         790         821
          822         791         790
          822         792         791
          823         792         822
          823         793         792
          824         793         823
          824         794         793
          825         794         824
          825         795         794
          826         795         825
          826         796         795
          827         796         826
          827         797         796
          828         797         827
          828         798         797
          829         798         828
          829         799         798
          829         800         799
          830         800         829
          830         801         800
          831         801         830
          831         802         801
          832         802         831
          832         803         802
          833         803         832
          833         804         803
          834         804         833
          834         805         804
          835         805         834
          835         806         805
          836         806         835
          836         807         806
          836         808         807
          837         808         836
          837         809         808
          838         809         837
          838         810         809
          839         810         838
          839         811         810
          840         811         839
          840         812         811
          841         812         840
          841         813         812
          842         813         841
          842         814         813
          815         814         842
          815         783         814
          843         816         815
          844         816         843
          844         817         816
          845         817         844
          845         818         817
          846         818         845
          846         819         818
          847         819         846
          847         820         819
          848         820         847
          848         821         820
          849         821         848
          849         822         821
          849         823         822
          850         823         849
          850         824         823
          851         824         850
          851         825         824
          852         825         851
          852         826         825
          853         826         852
          853         827         826
          854         827         853
          854         828         827
          855         828         854
          855         829         828
          855         830         829
          856         830         855
          856         831         830
          857         831         856
          857         832         831
          858         832         857
          858         833         832
          859         833         858
          859         834         833
          860         834         859
          860         835         834
          861         835         860
          861         836         835
          861         837         836
          862         837         861
          862         838         837
          863         838         862
          863         839         838
          864         839         863
          864         840         839
          865         840         864
          865         841         840
          866         841         865
          866         842         841
          843         842         866
          843         815         842
          867         844         843
          868         844         867
          868         845         844
          869         845         868
          869         846         845
          870         846         869
          870         847         846
          871         847         870
          871         848         847
          872         848         871
          872         849         848
          872         850         849
          873         850         872
          873         851         850
          874         851         873
          874         852         851
          875         852         874
          875         853         852
          876         853         875
          876         854         853
          877         854         876
          877         855         854
          877         856         855
          878         856         877
          878         857         856
          879         857         878
          879         858         857
          880         858         879
          880         859         858
          881         859         880
          881         860         859
          882         860         881
          882         861         860
          882         862         861
          883         862         882
          883         863         862
          884         863         883
          884         864         863
          885         864         884
          885         865         864
          886         865         885
          886         866         865
          867         866         886
          867         843         866
          887         868         867
          888         868         887
          888         869         868
          889         869         888
          889         870         869
          890         870         889
          890         871         870
          891         871         890
          891         872         871
          891         873         872
          892         873         891
          892         874         873
          893         874         892
          893         875         874
          894         875         893
          894         876         875
          895         876         894
          895         877         876
          895         878         877
          896         878         895
          896         879         878
          897         879         896
          897         880         879
          898         880         897
          898         881         880
          899         881         898
          899         882         881
          899         883         882
          900         883         899
          900         884         883
          901         884         900
          901         885         884
          902         885         901
          902         886         885
          887         886         902
          887         867         886
          903         888         887
          904         888         903
          904         889         888
          905         889         904
          905         890         889
          906         890         905
          906         891         890
          906         892         891
          907         892         906
          907         893         892
          908         893         907
          908         894         893
          909         894         908
          909         895         894
          909         896         895
          910         896         909
          910         897         896
          911         897         910
          911         898         897
          912         898         911
          912         899         898
          912         900         899
          913         900         912
          913         901         900
          914         901         913
          914         902         901
          903         902         914
          903         887         902
          915         904         903
          916         904         915
          916         905         904
          917         905         916
          917         906         905
          917         907         906
          918         907         917
          918         908         907
          919         908         918
          919         909         908
          919         910         909
          920         910         919
          920         911         910
          921         911         920
          921         912         911
          921         913         912
          922         913         921
          922         914         913
          915         914         922
          915         903         914
          923         916         915
          924         916         923
          924         917         916
          924         918         917
          925         918         924
          925         919         918
          925         920         919
          926         920         925
          926         921         920
          926         922         921
          923         922         926
          923         915         922
          927         924         923
          927         925         924
          927         926         925
          927         923         926
         1001         612        1002
          933         582         581
          935         339         995
         1035        1027         715
         1027        1031         715
          977         970         307
          950         952         645
          976         957         613
         1025        1029         197
          938         644        1008
          965         234         272
          930         973         583
         1034        1039         273
         1028         942         235
          931         971         162
          942        1037         235
          940         782        1022
          961         958         234
          958         953         234
         1035         715         749
          988         130         129
          936         937         131
          975         129         974
          129         162         971
          130         988         991
          163         131        1007
          131        1003        1005
          162         196         947
         1025         197         163
          163        1007        1009
          196         234         951
          234         953         951
          951         949         196
         1028         235        1032
          235         197        1032
         1034         273        1036
          273         235        1036
          272         307         968
          307         970         968
          963         965         272
         1021         308        1020
          308         273        1039
          307         339         983
          339         985         983
          979         977         307
          307         983         981
          340        1018        1016
         1018         340        1023
          340         308        1023
          339         369         995
          369        1010         997
         1010         369        1012
          369         340        1014
          613         583         976
          583         973         972
         1002         612        1004
          612         644        1006
         1001        1000         992
          645         613         956
          613         957         956
          948         950         645
         1008         644        1024
          644         678        1024
          679         645         954
          645         952         954
          678         715        1031
         1030        1026         678
          716         960         962
          966         964         716
          716         679         959
          750         751         978
          751         967         969
          969         978         751
          751         716         964
          749         782        1038
          782        1019        1038
          783         784         998
          784         994         996
          994         784         986
          784         750         984
          782         814        1017
          814        1015        1017
          814         783        1011
         1013        1015         814
         1001         581         612
          581         990         933
          933         989         582
          935         985         339
         1035         946        1027
         1027         943        1031
         1025         941        1029
          938        1006         644
          965         961         234
          582         987         583
          987         930         583
         1034         944        1039
          162         955         928
          928         931         162
          940        1019         782
          961         929         958
          749        1033         945
          945        1035         749
          129         975         932
          932         934         129
          934         988         129
          130         999         936
          937        1003         131
          130         936         131
