        5.8372210       0.0000000       4.7943660
        7.4474280       0.0000000       4.7906680
        5.8372210       1.4843550       4.7587890
        4.2557080       0.0000000       4.7052980
        5.8372210      -1.4715340       4.7176850
        9.0415950       0.0000000       4.6682670
        8.0809190       2.0821890       4.6226590
        5.8372210       2.9170280       4.5792810
        3.6149540       2.0623010       4.5785050
        2.7221600       0.0000000       4.5381500
        3.6353780      -2.0433460       4.5364240
        5.8372210      -2.9025930       4.5566200
        8.0796960      -2.0810530       4.6201380
        10.535342       0.0000000       4.4006350
        9.8820980       2.1672070       4.3748770
        8.1243410       3.6762520       4.2845980
        5.8372210       4.2302250       4.2697150
        3.5311310       3.7067440       4.3201360
        1.8346940       2.1445160       4.3290720
        1.2441740       0.0000000       4.3022150
        1.8672470      -2.1270740       4.2938630
        3.5331390      -3.7035170       4.3163750
        5.8372210      -4.2618270       4.3016130
        8.1530000      -3.7223170       4.3382860
        9.8861240      -2.1693640       4.3792310
        11.847096       0.0000000       4.0002870
        11.395761       2.1366870       4.0047110
        10.043873       3.9038420       3.9598360
        8.0614720       4.9832770       3.8687420
        5.8372210       5.4117190       3.8815500
        3.5608790       5.0999860       3.9593470
        1.5883850       3.9429900       3.9995450
       0.24872500       2.1482010       4.0262920
      -0.15967900       0.0000000       3.9916500
       0.35255700      -2.1082880       3.9514850
        1.6007050      -3.9315570       3.9879490
        3.5512860      -5.1214770       3.9760320
        5.8372210      -5.4858350       3.9347100
        8.1180450      -5.1100260       3.9671420
        10.068944      -3.9271080       3.9834360
        11.374619      -2.1285590       3.9894770
        12.977783       0.0000000       3.5250800
        12.646985       2.0533540       3.5347790
        11.654162       3.9220350       3.5495530
        9.9948040       5.3105030       3.4918760
        7.9787030       6.1163760       3.4211240
        5.8372210       6.4893660       3.4520980
        3.6224220       6.3257790       3.5382510
        1.5673510       5.4539270       3.5861840
      -0.10346100       4.0054660       3.6250610
       -1.1890750       2.1186450       3.6471760
       -1.4228270       0.0000000       3.5840660
      -0.93426800      -2.0418120       3.5149110
      0.047673000      -3.9035650       3.5328370
        1.5918770      -5.4226000       3.5655850
        3.6331630      -6.2951010       3.5210910
        5.8372210      -6.5336660       3.4756640
        8.0400570      -6.2916100       3.5191390
        10.055814      -5.3884300       3.5431170
        11.596152      -3.8829220       3.5141540
        12.612560      -2.0429740       3.5169100
        13.994885       0.0000000       3.0237400
        13.703383       1.9560100       3.0185460
        12.949920       3.8109160       3.0442650
        11.652490       5.3966650       3.0483400
        9.8686720       6.4800400       2.9886160
        7.8924170       7.1179750       2.9433080
        5.8372210       7.4658550       2.9819650
        3.6980520       7.4088090       3.0635680
        1.6425600       6.7423800       3.1096070
      -0.14717500       5.5536180       3.1369960
       -1.5787280       3.9733950       3.1740570
       -2.3947890       2.0469820       3.1589360
       -2.4543000       0.0000000       3.0733560
       -1.9958180      -1.9477730       3.0058350
       -1.1854610      -3.7626860       3.0057370
      0.043652000      -5.3765280       3.0369660
        1.7210510      -6.6162150       3.0514200
        3.7340820      -7.2840230       3.0119690
        5.8372210      -7.4436310       2.9730880
        7.9458450      -7.3030170       3.0198230
        9.9865950      -6.6695870       3.0760350
        11.653426      -5.3975340       3.0488310
        12.869868      -3.7680260       3.0100020
        13.703457      -1.9560280       3.0185740
        14.915150       0.0000000       2.4956080
        14.634473       1.8633780       2.4806420
        13.999680       3.6478780       2.4905820
        12.996809       5.2985850       2.5174710
        11.513959       6.6059960       2.5029890
        9.7046060       7.4526290       2.4503810
        7.7986410       7.9749460       2.4231990
        5.8372210       8.3045120       2.4600730
        3.7918610       8.3162410       2.5269020
        1.7949650       7.7896130       2.5611790
    -0.0019310000       6.7949970       2.5746010
       -1.5869270       5.4943780       2.6104960
       -2.7875900       3.8545070       2.6316570
       -3.3151940       1.9386070       2.5807900
       -3.2346700       0.0000000       2.4939480
       -2.8463390      -1.8392970       2.4485830
       -2.1977050      -3.5908820       2.4516680
       -1.1589070      -5.1776140       2.4599950
       0.22393000      -6.5321630       2.4750140
        1.8921420      -7.6023490       2.4996080
        3.8256270      -8.1789510       2.4851870
        5.8372210      -8.2820140       2.4534080
        7.8504590      -8.1856350       2.4872170
        9.8815920      -7.7936900       2.5625200
        11.689519      -6.8102940       2.5803970
        13.039275      -5.3300130       2.5324030
        14.008190      -3.6516810       2.4931780
        14.683464      -1.8737550       2.4944560
        15.654449       0.0000000       1.9178420
        15.415351       1.7680650       1.9077910
        14.874599       3.4739410       1.9109580
        14.080020       5.1112010       1.9366560
        12.891908       6.5468650       1.9490220
        11.303320       7.5917260       1.9220410
        9.5184200       8.2474700       1.8792030
        7.6968960       8.6762280       1.8621960
        5.8372210       8.9769190       1.8897120
        3.9055870       9.0119500       1.9342530
        2.0162870       8.5605350       1.9505360
       0.29727400       7.6942930       1.9480080
       -1.3088960       6.6317140       1.9742820
       -2.7676520       5.3357160       2.0217250
       -3.7458890       3.6837190       2.0263530
       -4.0285980       1.8211700       1.9650940
       -3.8425970       0.0000000       1.8909990
       -3.5061080      -1.7247220       1.8610230
       -3.0107860      -3.4011470       1.8709160
       -2.1381760      -4.9453910       1.8738290
      -0.90881300      -6.2604300       1.8637500
       0.48620900      -7.4318850       1.8815730
        2.0762360      -8.4262250       1.9199330
        3.9160450      -8.9631600       1.9237810
        5.8372210      -9.0370060       1.9023610
        7.7537320      -8.9413940       1.9191090
        9.7164290      -8.6910920       1.9802840
        11.609787      -8.0173710       2.0298040
        13.171958      -6.8067560       2.0263930
        14.267821      -5.2276530       1.9807800
        14.994482      -3.5200240       1.9363070
        15.481885      -1.7803470       1.9210440
        16.129204       0.0000000       1.2927120
        15.962802       1.6568930       1.2914310
        15.557570       3.2832460       1.2992680
        14.948955       4.8819800       1.3215180
        14.018539       6.3707780       1.3414430
        12.677534       7.5651610       1.3366300
        11.047172       8.3743270       1.3087790
        9.3210070       8.8826230       1.2793890
        7.5915300       9.2330020       1.2689330
        5.8372210       9.4793830       1.2830020
        4.0348130       9.4861480       1.3037240
        2.2821260       9.0644410       1.3055770
       0.68485300       8.2817710       1.2943140
      -0.83752400       7.3820480       1.3042780
       -2.3760920       6.3956920       1.3466890
       -3.7236770       5.1226390       1.3866630
       -4.5042910       3.4930560       1.3822960
       -3.5640450      -3.1754690       1.2566180
       -2.8772710      -4.6691420       1.2639040
       -1.8145040      -5.9583850       1.2546090
      -0.54795600      -7.0617950       1.2476950
       0.79417400      -8.1060500       1.2668520
        2.3069920      -9.0010400       1.2964450
        4.0323230      -9.4992570       1.3055260
        5.8372210      -9.6052970       1.3000440
        7.6470040      -9.5249660       1.3090590
        9.4832490      -9.2962910       1.3389710
        11.308306      -8.7940670       1.3743780
        12.999866      -7.9216490       1.3996160
        14.372643      -6.6465180       1.3995030
        15.267398      -5.0525990       1.3677040
        15.752751      -3.3491720       1.3253570
        16.030020      -1.6678920       1.3000040
        16.359356       0.0000000      0.64715000
        16.254759       1.5312050      0.64870300
        16.003813       3.0655410      0.65746100
        15.586114       4.6097440      0.67293800
        14.886674       6.1015340      0.68796400
        13.789356       7.3797120      0.69167100
        12.349471       8.3181300      0.68141800
        10.744768       8.9382870      0.66484200
        9.1090730       9.3448690      0.65119700
        7.4799040       9.6249130      0.64583600
        5.8372210       9.7868540      0.64861700
        4.1773230       9.7257820      0.65260400
        2.5739120       9.3204720      0.64949600
        1.1007750       8.6266540      0.64166300
      -0.30370400       7.8438340      0.64256300
       -1.7589370       7.0493600      0.66070900
       -3.2088240       6.0992360      0.68770500
       -4.3712750       4.8270670      0.70466400
       -3.8408910      -2.9182490      0.62587200
       -3.2962030      -4.3187210      0.63045400
       -2.4772440      -5.6059730      0.63208800
       -1.3793550      -6.6971020      0.62769300
      -0.14587600      -7.6422400      0.62604900
        1.1645350      -8.5105270      0.63302500
        2.6048290      -9.2321680      0.64334300
        4.1825170      -9.6953520      0.65056200
        5.8372210      -9.9057580      0.65649700
        7.5272020      -9.9020430      0.66443100
        9.2144270      -9.6457760      0.67216500
        10.850163      -9.1302480      0.67912100
        12.438348      -8.4316530      0.69071700
        13.960592      -7.5386220      0.70656500
        15.214819      -6.3227840      0.71291000
        15.961840      -4.7874050      0.69887400
        16.253904      -3.1409510      0.67363400
        16.345848      -1.5445930      0.65437500
        16.413532       0.0000000       0.0000000
        16.344946       1.4020310       0.0000000
        16.219494       2.8290680       0.0000000
        15.973847       4.2960130       0.0000000
        15.480311       5.7511380       0.0000000
        14.608553       7.0532980       0.0000000
        13.366769       8.0640560       0.0000000
        11.907732       8.7659500       0.0000000
        10.384939       9.2412930       0.0000000
        8.8647520       9.5686140       0.0000000
        7.3518390       9.7760930       0.0000000
        5.8372210       9.8441850       0.0000000
        4.3322550       9.7137990       0.0000000
        2.8829100       9.3371990       0.0000000
        1.5269880       8.7587070       0.0000000
       0.23019100       8.0966730       0.0000000
       -1.0832490       7.4117410       0.0000000
       -2.4105580       6.6322940       0.0000000
       -3.6137830       5.6365780       0.0000000
       -4.5150040       4.3873860       0.0000000
       -3.9428320      -2.6649690       0.0000000
       -3.4521120      -3.9369210       0.0000000
       -2.8428330      -5.1767840       0.0000000
       -1.9930200      -6.2965380       0.0000000
      -0.91231200      -7.2286690       0.0000000
       0.30229300      -7.9925560       0.0000000
        1.5873640      -8.6360190       0.0000000
        2.9330220      -9.1788200       0.0000000
        4.3454380      -9.6287110       0.0000000
        5.8372210      -9.9669390       0.0000000
        7.3996980      -10.085003       0.0000000
        8.9511790      -9.8417680       0.0000000
        10.393420      -9.2585270       0.0000000
        11.750913      -8.5395000       0.0000000
        13.137745      -7.8187750       0.0000000
        14.531530      -6.9913620       0.0000000
        15.669604      -5.8640330       0.0000000
        16.300028      -4.4342520       0.0000000
        16.479721      -2.8999770       0.0000000
        16.463018      -1.4177860       0.0000000
        16.298483       0.0000000     -0.64340600
        16.259172       1.5318540     -0.64897800
        16.194342       3.1229920     -0.66978200
        15.953762       4.7835860     -0.69831600
        15.296344       6.3777510     -0.71910800
        14.095242       7.6635790     -0.71827700
        12.511028       8.5244870     -0.69832200
        10.812739       9.0620850     -0.67405100
        9.1340190       9.4161190     -0.65616200
        7.4797240       9.6238620     -0.64576500
        5.8372210       9.6468910     -0.63934100
        4.2265170       9.4375440     -0.63326300
        2.6882990       8.9937660     -0.62673000
        1.2324780       8.3867800     -0.62382000
      -0.18059300       7.6865840     -0.62968200
       -1.5529770       6.8582250     -0.64279400
       -2.7782660       5.8089350     -0.65497300
       -3.7411410       4.5291090     -0.66116700
       -3.7948200      -2.9043570     -0.62289200
       -3.2099800      -4.2779510     -0.62450300
       -2.4833030      -5.6100580     -0.63254900
       -1.4602950      -6.7722150     -0.63473300
      -0.15887100      -7.6588390     -0.62740900
        1.2784750      -8.3030030     -0.61758900
        2.7458550      -8.8293780     -0.61527500
        4.2405460      -9.3553400     -0.62774700
        5.8372210      -9.8604890     -0.65349700
        7.5580460      -10.082769     -0.67655800
        9.2434840      -9.7287650     -0.67794800
        10.723230      -8.8990590     -0.66192500
        12.092383      -7.9897500     -0.65451700
        13.543829      -7.1518590     -0.67031500
        14.966565      -6.1554000     -0.69403700
        15.957449      -4.7853290     -0.69857100
        16.338568      -3.1664800     -0.67910900
        16.355934      -1.5460760     -0.65500300
        15.964670       0.0000000      -1.2720460
        15.988345       1.6610720      -1.2946890
        15.968095       3.4219090      -1.3541410
        15.656987       5.2613380      -1.4242080
        14.714701       6.9128780      -1.4555880
        13.119582       8.0540500      -1.4230090
        11.240969       8.6858310      -1.3574630
        9.3848050       9.0452890      -1.3028180
        7.5965390       9.2593690      -1.2725570
        5.8372210       9.2854580      -1.2567550
        4.1165150       9.0561500      -1.2446270
        2.4722090       8.5797860      -1.2357710
       0.91496700       7.9118910      -1.2365080
      -0.53338400       7.0456780      -1.2448470
       -1.7670770       5.9214540      -1.2468320
       -2.7128270       4.5810350      -1.2400540
       -3.4672690       3.1427810      -1.2436830
       -3.5669450      -3.1764490      -1.2570060
       -2.8553340      -4.6573890      -1.2607230
       -1.9112770      -6.0337410      -1.2704760
      -0.62142600      -7.1430510      -1.2620510
       0.91785600      -7.9072480      -1.2357820
        2.5198680      -8.4582680      -1.2182680
        4.1251330      -9.0107930      -1.2383940
        5.8372210      -9.5934280      -1.2984370
        7.7092800      -9.8527300      -1.3541050
        9.5186790      -9.3866280      -1.3519820
        11.047553      -8.3749400      -1.3088750
        12.443353      -7.3061640      -1.2908700
        13.867687      -6.2533100      -1.3167080
        15.076736      -4.9504450      -1.3400510
        15.737779      -3.3441150      -1.3233560
        15.933526      -1.6521020      -1.2876970
        15.393837       0.0000000      -1.8669310
        15.473074       1.7787200      -1.9192890
        15.424531       3.6853330      -2.0272410
        14.924495       5.6348430      -2.1350660
        13.611732       7.2148740      -2.1478900
        11.680452       8.1155170      -2.0546510
        9.6470080       8.5355610      -1.9448450
        7.7176360       8.7729870      -1.8829640
        5.8372210       8.8482520      -1.8626270
        3.9856320       8.6385040      -1.8540990
        2.2215380       8.1006830      -1.8457580
       0.61320900       7.2554990      -1.8369160
      -0.72700600       6.0917110      -1.8135210
       -1.7085060       4.6789600      -1.7728780
       -2.4758500       3.1955190      -1.7578030
       -3.2126270       1.6705470      -1.8025670
       -3.6895260      -1.7585800      -1.8975570
       -3.1359420      -3.4492570      -1.8973800
       -2.2495460      -5.0144490      -1.8999960
       -1.0209030      -6.3644520      -1.8947170
       0.53804000      -7.3598990      -1.8633480
        2.2536310      -8.0287840      -1.8293750
        3.9972050      -8.5845100      -1.8425100
        5.8372210      -9.1207650      -1.9199930
        7.8320460      -9.3067620      -1.9975290
        9.7348460      -8.7323560      -1.9896860
        11.308949      -7.5995460      -1.9240200
        12.676903      -6.3473370      -1.8896220
        13.898096      -4.9983930      -1.8939120
        14.764857      -3.4317560      -1.8877530
        15.207883      -1.7297670      -1.8664670
        14.624550       0.0000000      -2.4157190
        14.680655       1.8731600      -2.4936640
        14.476241       3.8608570      -2.6359930
        13.666954       5.7945380      -2.7531090
        12.002518       7.1745300      -2.7184050
        9.9099150       7.8482690      -2.5804650
        7.8467910       8.1707200      -2.4826860
        5.8372210       8.3061220      -2.4605500
        3.8464480       8.0942960      -2.4594640
        1.9868170       7.4199060      -2.4396220
       0.41150900       6.3138790      -2.3923070
      -0.75342800       4.8775320      -2.3174190
       -1.5828210       3.3160850      -2.2640510
       -2.3225520       1.7283520      -2.3008860
       -2.9025140       0.0000000      -2.4026350
       -2.9518550      -1.8616470      -2.4783360
       -2.3740180      -3.6696780      -2.5054660
       -1.3004500      -5.2823650      -2.5097640
       0.19097600      -6.5705120      -2.4895450
        1.9691730      -7.4539070      -2.4508010
        3.8610850      -8.0347830      -2.4413810
        5.8372210      -8.4362640      -2.4991020
        7.9147850      -8.4471790      -2.5666880
        9.8550850      -7.7426090      -2.5457240
        11.418159      -6.4945150      -2.4607500
        12.665681      -5.0535280      -2.4010390
        13.646720      -3.4901370      -2.3828840
        14.304010      -1.7933820      -2.3874580
        13.703193       0.0000000      -2.9156210
        13.636762       1.9394440      -2.9929810
        13.164124       3.9256850      -3.1359450
        11.994008       5.7136000      -3.2273630
        10.093765       6.8418490      -3.1554830
        7.9649630       7.3692310      -3.0472030
        5.8372210       7.5503500      -3.0157130
        3.7374800       7.2722520      -3.0071020
        1.8449790       6.4170170      -2.9595490
       0.35278600       5.0896460      -2.8749190
      -0.68618600       3.4951800      -2.7920460
       -1.4319470       1.8075610      -2.7894570
       -1.9379960       0.0000000      -2.8819820
       -1.9440660      -1.9349040      -2.9859760
       -1.2897590      -3.8185690      -3.0503770
     -0.029067000      -5.4440120      -3.0750840
        1.7115310      -6.6315180      -3.0584770
        3.7245670      -7.3169760      -3.0255950
        5.8372210      -7.5853170      -3.0296800
        7.9673120      -7.3773670      -3.0505670
        9.8861690      -6.5081660      -3.0015870
        11.377280      -5.1412660      -2.9040770
        12.503770      -3.5718740      -2.8533110
        13.319366      -1.8605200      -2.8711840
        12.656758       0.0000000      -3.3666000
        12.424611       1.9863010      -3.4193500
        11.638346       3.9113710      -3.5399010
        10.117439       5.4671450      -3.5948750
        8.0482590       6.3150360      -3.5322410
        5.8372210       6.5462160      -3.4823400
        3.6809860       6.1585110      -3.4446910
        1.8145000       5.1382420      -3.3786080
       0.42234900       3.6509420      -3.3042060
      -0.45951600       1.8986600      -3.2684800
      -0.88735700       0.0000000      -3.3197210
      -0.76890200      -1.9919500      -3.4290750
      0.044847000      -3.9054700      -3.5345610
        1.5678320      -5.4533130      -3.5857800
        3.6088420      -6.3645650      -3.5599450
        5.8372210      -6.5935440      -3.5075170
        8.0061700      -6.1948240      -3.4650020
        9.8709250      -5.1522710      -3.3878330
        11.274754      -3.6662200      -3.3180330
        12.250711      -1.9338650      -3.3290840
        11.502708       0.0000000      -3.7710560
        11.119016       2.0303060      -3.8053260
        9.9845690       3.8488070      -3.9040120
        8.0921990       5.0521200      -3.9221870
        5.8372210       5.3821350      -3.8603310
        3.6571740       4.8842430      -3.7918570
        1.8648160       3.6864570      -3.7393330
       0.69162600       1.9779510      -3.7071990
       0.24338400       0.0000000      -3.7233640
       0.52650100      -2.0414250      -3.8261660
        1.6397520      -3.8953200      -3.9511930
        3.5483990      -5.1279460      -3.9810550
        5.8372210      -5.4499870      -3.9089980
        8.0354800      -4.9250470      -3.8235350
        9.8249320      -3.7006610      -3.7537410
        11.041232      -2.0004070      -3.7492860
        10.245788       0.0000000      -4.1294150
        9.6960330       2.0675150      -4.1736310
        8.0992830       3.6359740      -4.2376550
        5.8372210       4.1466410      -4.1853520
        3.6453980       3.5230740      -4.1060720
        2.0668200       2.0201450      -4.0780080
        1.4803760       0.0000000      -4.0809680
        1.9843070      -2.0643550      -4.1672530
        3.5672300      -3.6487200      -4.2525110
        5.8372210      -4.1705380      -4.2094720
        8.0415950      -3.5432470      -4.1295830
        9.6366670      -2.0357080      -4.1094230
        8.8732430       0.0000000      -4.4230040
        8.0131130       2.0192630      -4.4829570
        5.8372210       2.8407920      -4.4596020
        3.7079670       1.9759830      -4.3868720
        2.8373080       0.0000000      -4.3703990
        3.6920420      -1.9907620      -4.4196820
        5.8372210      -2.8157090      -4.4202260
        7.9678060      -1.9772180      -4.3896130
        7.3869970       0.0000000      -4.6108720
        5.8372210       1.4445100      -4.6310470
        4.3007960       0.0000000      -4.5711540
        5.8372210      -1.4262230      -4.5724190
        5.8372210       0.0000000      -4.6596600
       -11.062045       0.0000000       4.8138480
       -9.9411350       0.0000000       4.7859180
       -11.062045       1.0000930       4.7443190
       -12.177386       0.0000000       4.7621420
       -11.062045     -0.99681900       4.7287860
       -8.8492570       0.0000000       4.6262870
       -9.5121310       1.3949820       4.5826360
       -11.062045       1.9775180       4.5935890
       -12.634941       1.4156660       4.6505850
       -13.286148       0.0000000       4.6499430
       -12.607201      -1.3906990       4.5685650
       -11.062045      -1.9169950       4.4529990
       -9.4899150      -1.4149780       4.6483230
       -7.8405000       0.0000000       4.3304770
       -8.2924670       1.4391770       4.2988720
       -9.4446400       2.5213930       4.3483090
       -11.062045       2.9364600       4.3856550
       -12.718399       2.5821110       4.4530210
       -13.937924       1.4944150       4.4638700
       -14.367166       0.0000000       4.4428200
       -13.911250      -1.4805530       4.4224660
       -12.617218      -2.4243790       4.1810010
       -11.062045      -2.7250820       4.0699590
       -9.4458000      -2.5195840       4.3451890
       -8.1761710      -1.4996080       4.4793830
       -6.9146820       0.0000000       3.9616680
       -7.2607390       1.4171580       3.9302800
       -8.1160880       2.6514750       3.9796740
       -9.4375700       3.5297980       4.0548930
       -11.062045       3.8728540       4.1103250
       -12.715243       3.5922100       4.1265910
       -14.124107       2.7559730       4.1365180
       -15.022195       1.4763760       4.0945130
       -15.358755       0.0000000       4.1043280
       -15.060604      -1.4906950       4.1342250
       -14.002811      -2.6468020       3.9726610
       -12.560814      -3.2566520       3.7411140
       -11.062045      -3.4938570       3.7080890
       -9.4690130      -3.4614740       3.9764060
       -7.9255750      -2.8229430       4.2370360
       -7.0523000      -1.4948650       4.1457910
       -6.0230620       0.0000000       3.5699310
       -6.3131910       1.3887560       3.5375240
       -7.0203970       2.6429000       3.5393040
       -8.0979210       3.6719470       3.5726840
       -9.4574790       4.4447010       3.6786800
       -11.062045       4.7782480       3.7611840
       -12.681473       4.4858700       3.7127540
       -14.077764       3.7358620       3.6348710
       -15.174417       2.6891460       3.6012360
       -15.874428       1.4073340       3.5848480
       -16.197712       0.0000000       3.6384270
       -16.012878      -1.4478230       3.6879830
       -15.167246      -2.6844570       3.5949570
       -13.923033      -3.5441820       3.4483730
       -12.531355      -4.0700360       3.3685870
       -11.062045      -4.3245640       3.4040680
       -9.4947660      -4.3414140       3.5931950
       -7.8814890      -3.9400620       3.8335510
       -6.6338450      -2.8956720       3.8778100
       -6.0794790      -1.4571030       3.7116210
       -5.1765950       0.0000000       3.1306800
       -5.4430560       1.3551010       3.0943780
       -6.0573220       2.6006420       3.0740330
       -7.0055130       3.6510350       3.0516090
       -8.1528120       4.5352400       3.0950490
       -9.4928090       5.2710470       3.2251580
       -11.062045       5.6247590       3.3243130
       -12.645542       5.3189490       3.2544680
       -13.975861       4.5423830       3.0999240
       -15.080218       3.6165100       3.0227530
       -15.959144       2.5447150       3.0079260
       -16.541975       1.3215650       3.0177980
       -16.854765       0.0000000       3.0813530
       -16.767511      -1.3759560       3.1420010
       -16.113245      -2.6247930       3.1025800
       -15.075519      -3.6122800       3.0192170
       -13.878733      -4.3909690       2.9965920
       -12.534392      -4.9455980       3.0260280
       -11.062045      -5.2041660       3.0757360
       -9.5234540      -5.1681130       3.1621770
       -7.9664190      -4.8258100       3.2933470
       -6.5621740      -4.0500560       3.3851200
       -5.6173880      -2.8292470       3.3442510
       -5.2055580      -1.4123770       3.2251680
       -4.4937400       0.0000000       2.5913330
       -4.7772780       1.2910660       2.5432350
       -5.2781220       2.5069590       2.5326930
       -6.0680940       3.5844420       2.5200030
       -7.0766220       4.4979990       2.5218250
       -8.2220330       5.3078390       2.5823600
       -9.5440710       5.9858660       2.6913080
       -11.062045       6.3224160       2.7713530
       -12.598443       6.0585170       2.7239720
       -13.901264       5.3063550       2.5816380
       -14.985993       4.4286170       2.4829260
       -15.932917       3.4961000       2.4578950
       -16.642708       2.4188580       2.4436890
       -17.085690       1.2374250       2.4375680
       -17.351023       0.0000000       2.4811330
       -17.371613      -1.2961610       2.5532710
       -16.946230      -2.5504160       2.5765960
       -16.095953      -3.6131210       2.5401650
       -15.043153      -4.4931280       2.5190950
       -13.863251      -5.2353110       2.5470740
       -12.523403      -5.7626090       2.5909290
       -11.062045      -5.9733480       2.6183440
       -9.5779500      -5.8522710       2.6312420
       -8.1278800      -5.4838060       2.6679710
       -6.7410990      -4.8766740       2.7341310
       -5.5769900      -3.9369350       2.7678190
       -4.8050050      -2.7120240       2.7398640
       -4.4589590      -1.3564580       2.6720490
       -4.0666340       0.0000000       1.9611810
       -4.3911480       1.1942830       1.9068420
       -4.7769530       2.3431330       1.9072200
       -5.3544700       3.4324580       1.9244640
       -6.1767260       4.3969750       1.9369230
       -7.1632460       5.2516920       1.9674160
       -8.3074260       5.9854700       2.0180240
       -9.6214170       6.5185540       2.0702400
       -11.062045       6.7615960       2.1061660
       -12.516773       6.5823500       2.0905010
       -13.818585       5.9896450       2.0194320
       -14.937670       5.2204770       1.9557220
       -15.942721       4.3927960       1.9350820
       -16.760139       3.4267560       1.9212670
       -17.277672       2.3172360       1.8861400
       -17.568249       1.1647980       1.8597650
       -17.777834       0.0000000       1.8827880
       -17.891964      -1.2227520       1.9522970
       -17.697720      -2.4738330       2.0136040
       -17.049006      -3.6004770       2.0186660
       -16.080902      -4.5171640       1.9898680
       -14.978564      -5.2755620       1.9763580
       -13.777462      -5.9002880       1.9893040
       -12.461702      -6.3331670       2.0113630
       -11.062045      -6.4805080       2.0186100
       -9.6684240      -6.3058560       2.0026890
       -8.3349810      -5.9255970       1.9978370
       -7.0315220      -5.4291250       2.0338870
       -5.8176090      -4.7201940       2.0793050
       -4.8481570      -3.7369480       2.0951810
       -4.1946060      -2.5602370       2.0839340
       -3.9291740      -1.2769890       2.0388950
       -4.8565470       3.2246090       1.2916040
       -5.5143390       4.1897490       1.3053970
       -6.3408780       5.0640370       1.3239300
       -7.2994880       5.8654970       1.3564270
       -8.4421470       6.4785750       1.3807520
       -9.7265640       6.8167890       1.3862790
       -11.062045       6.9372120       1.3893360
       -12.403339       6.8464640       1.3923130
       -13.685081       6.4863340       1.3824060
       -14.853909       5.9111820       1.3669920
       -15.918483       5.2091310       1.3618630
       -16.834049       4.3591430       1.3581750
       -17.488115       3.3392270       1.3375130
       -17.866755       2.2291360       1.3052900
       -18.088024       1.1150300       1.2859930
       -18.268131       0.0000000       1.2989210
       -18.399685      -1.1644910       1.3430370
       -18.308550      -2.3738620       1.3900360
       -17.803663      -3.5031970       1.4031910
       -16.922365      -4.4258410       1.3789560
       -15.868041      -5.1550260       1.3477180
       -14.760059      -5.7648800       1.3331580
       -13.599312      -6.2742420       1.3372040
       -12.361585      -6.6333300       1.3489700
       -11.062045      -6.7378710       1.3494130
       -9.7804890      -6.5415410       1.3303030
       -8.5648260      -6.1752120       1.3160980
       -7.3621250      -5.7678510       1.3338460
       -6.1804660      -5.2360990       1.3689140
       -5.1650740      -4.4535210       1.3875810
       -4.3841610      -3.4700790       1.3899250
       -3.8279390      -2.3698010       1.3876570
       -4.9847100       3.9740680      0.66303600
       -5.7627550       4.7695650      0.66147600
       -6.5908980       5.5388420      0.67140000
       -7.5228950       6.2516430      0.68807100
       -8.6337280       6.7265210      0.69359200
       -9.8458410       6.9112250      0.68620700
       -11.062045       6.9534450      0.68189900
       -12.282680       6.9364020      0.68870700
       -13.509662       6.7799810      0.69910500
       -14.689769       6.4081010      0.70529200
       -15.775650       5.8391980      0.70780800
       -16.731787       5.1029850      0.70771700
       -17.502699       4.2116480      0.70267300
       -18.060808       3.2095800      0.69330100
       -18.443705       2.1586940      0.68506100
       -18.704969       1.0895150      0.68300000
       -18.869246       0.0000000      0.68909100
       -18.912647      -1.1191200      0.70155900
       -18.739124      -2.2450870      0.71247700
       -18.239773      -3.2916520      0.71102900
       -17.434755      -4.1672190      0.69526100
       -16.474098      -4.8710560      0.67555100
       -15.477226      -5.4695110      0.66299600
       -14.461165      -6.0042900      0.66084700
       -13.395614      -6.4640630      0.66653000
       -12.255911      -6.7842850      0.67360400
       -11.062045      -6.8577340      0.67251300
       -9.8916230      -6.6510680      0.66037700
       -8.7875950      -6.3003040      0.64964400
       -7.6946920      -5.9481760      0.65467100
       -6.5907510      -5.5390240      0.67142200
       -5.5995840      -4.9164250      0.68184300
       -4.8209590      -4.0811470      0.68090100
       -4.1804370      -3.1558540      0.68169500
       -5.2706740       4.5166190       0.0000000
       -6.1071190       5.1466810       0.0000000
       -6.9160680       5.8063880       0.0000000
       -7.8126440       6.4039500       0.0000000
       -8.8566210       6.7601750       0.0000000
       -9.9654110       6.8648220       0.0000000
       -11.062045       6.8809450       0.0000000
       -12.165481       6.9073980       0.0000000
       -13.304641       6.8741140       0.0000000
       -14.439801       6.6569130       0.0000000
       -15.498874       6.2137210       0.0000000
       -16.437529       5.5835120       0.0000000
       -17.241604       4.8193610       0.0000000
       -17.916676       3.9648530       0.0000000
       -18.483572       3.0504980       0.0000000
       -18.947327       2.0838840       0.0000000
       -19.270878       1.0622720       0.0000000
       -19.401878       0.0000000       0.0000000
       -19.310886      -1.0674490       0.0000000
       -18.986700      -2.0942890       0.0000000
       -18.432629      -3.0295580       0.0000000
       -17.697144      -3.8378710       0.0000000
       -16.868858      -4.5286620       0.0000000
       -16.011795      -5.1413030       0.0000000
       -15.130710      -5.6981120       0.0000000
       -14.203099      -6.1904190       0.0000000
       -13.212936      -6.5930170       0.0000000
       -12.156941      -6.8539480       0.0000000
       -11.062045      -6.8965120       0.0000000
       -9.9908810      -6.7053860       0.0000000
       -8.9776670      -6.3891380       0.0000000
       -7.9832970      -6.0676260       0.0000000
       -6.9804610      -5.7162060       0.0000000
       -6.0549320      -5.2008870       0.0000000
       -5.3165270      -4.4808590       0.0000000
       -4.7178440      -3.6696100       0.0000000
       -4.1222700      -2.8524820       0.0000000
       -4.6790220       4.1739620     -0.69638600
       -5.7133650       4.8140170     -0.66764100
       -6.6607660       5.4522900     -0.66090900
       -7.6034440       6.1093600     -0.67241100
       -8.6940630       6.5593910     -0.67635900
       -9.8842410       6.6930130     -0.66454100
       -11.062045       6.6921120     -0.65627100
       -12.243516       6.7138480     -0.66661000
       -13.472013       6.6756910     -0.68835100
       -14.689590       6.4077840     -0.70525700
       -15.796271       5.8647430     -0.71090500
       -16.751465       5.1206960     -0.71017300
       -17.575279       4.2591090     -0.71059200
       -18.305290       3.3216970     -0.71751900
       -18.938290       2.3033310     -0.73096100
       -19.384594       1.1863970     -0.74373400
       -19.522636       0.0000000     -0.74676200
       -19.312004      -1.1760490     -0.73724700
       -18.813652      -2.2668810     -0.71939400
       -18.128548      -3.2406450     -0.70001100
       -17.347334      -4.1100530     -0.68572300
       -16.507061      -4.9007230     -0.67966600
       -15.581211      -5.5983280     -0.67861100
       -14.545388      -6.1530640     -0.67722200
       -13.425352      -6.5464390     -0.67502400
       -12.255796      -6.7836310     -0.67353900
       -11.062045      -6.8274680     -0.66954500
       -9.8904370      -6.6578010     -0.66104500
       -8.7651690      -6.3624230     -0.65604900
       -7.6579010      -6.0131650     -0.66182400
       -6.6088640      -5.5165860     -0.66870300
       -5.7627390      -4.7695790     -0.66147800
       -5.1224200      -3.8840170     -0.64801100
       -4.4741900      -3.0211410     -0.65259600
       -3.5176380       2.4714510      -1.4471800
       -4.2308450       3.5497470      -1.4218360
       -5.3028370       4.3494800      -1.3551640
       -6.3937490       5.0073270      -1.3091040
       -7.4144020       5.6863560      -1.3149990
       -8.5464970       6.2205360      -1.3257580
       -9.8086510       6.3977920      -1.3010700
       -11.062045       6.3584680      -1.2734290
       -12.297986       6.3087010      -1.2829530
       -13.564389       6.1878840      -1.3187990
       -14.801759       5.8298850      -1.3481910
       -15.913824       5.2041340      -1.3605570
       -16.871099       4.3871250      -1.3668930
       -17.695190       3.4468310      -1.3806130
       -18.396111       2.4025460      -1.4068320
       -18.902172       1.2442360      -1.4350090
       -19.081264       0.0000000      -1.4454910
       -18.883474      -1.2412690      -1.4315870
       -18.404415      -2.4052660      -1.4084250
       -17.780128      -3.4909680      -1.3982920
       -17.051687      -4.5235080      -1.4093860
       -16.136637      -5.4431280      -1.4230390
       -14.975081      -6.1000810      -1.4106750
       -13.668242      -6.4446970      -1.3735320
       -12.353815      -6.5936720      -1.3409050
       -11.062045      -6.6299840      -1.3278060
       -9.7816240      -6.5357460      -1.3291250
       -8.5134240      -6.3023210      -1.3431880
       -7.2905620      -5.8794120      -1.3596450
       -6.2627570      -5.1478320      -1.3458370
       -5.5294580      -4.1783310      -1.3018400
       -4.8777490      -3.2135920      -1.2871900
       -4.0914390      -2.2834810      -1.3371120
       -3.6195520       0.0000000      -2.0865220
       -3.7499060       1.3090830      -2.0901380
       -4.1850160       2.5638120      -2.0868440
       -5.0350790       3.6245350      -2.0321550
       -6.1428050       4.4275050      -1.9503720
       -7.2460930       5.1400970      -1.9256100
       -8.4192170       5.7425600      -1.9361260
       -9.7379120       5.9914330      -1.9028310
       -11.062045       5.9305130      -1.8472920
       -12.339563       5.7805110      -1.8358430
       -13.608560       5.5332820      -1.8655670
       -14.823319       5.0664470      -1.8980190
       -15.902822       4.3568840      -1.9192630
       -16.807280       3.4551060      -1.9371610
       -17.537403       2.4140660      -1.9649560
       -18.075613       1.2556300      -2.0047920
       -18.325623       0.0000000      -2.0363620
       -18.213669      -1.2803460      -2.0442550
       -17.821953      -2.5201490      -2.0513030
       -17.274670      -3.7361870      -2.0947540
       -16.514021      -4.9069880      -2.1615900
       -15.373510      -5.8075560      -2.1756570
       -13.930364      -6.2325260      -2.1013200
       -12.460350      -6.3270500      -2.0094200
       -11.062045      -6.3371920      -1.9739690
       -9.6704570      -6.2966580      -1.9997680
       -8.2613880      -6.0855070      -2.0517520
       -6.9627280      -5.5217920      -2.0686020
       -5.9944310      -4.5610470      -2.0091990
       -5.2937970      -3.4689460      -1.9449210
       -4.5680270      -2.4210230      -1.9706190
       -3.8915560      -1.2837240      -2.0496480
       -4.3211670       0.0000000      -2.6594160
       -4.4703480       1.3541180      -2.6674390
       -4.9829610       2.6348920      -2.6619400
       -5.9290730       3.6842250      -2.5901540
       -7.0860150       4.4873970      -2.5158810
       -8.3148520       5.1343650      -2.4979620
       -9.6722020       5.4806060      -2.4641370
       -11.062045       5.4666240      -2.3962280
       -12.394153       5.2529340      -2.3617730
       -13.670153       4.8744210      -2.3714940
       -14.846733       4.2714460      -2.3948080
       -15.857897       3.4422550      -2.4200390
       -16.675642       2.4331330      -2.4581100
       -17.291725       1.2797500      -2.5209430
       -17.599873       0.0000000      -2.5793090
       -17.470812      -1.3165390      -2.5934140
       -17.011345      -2.5786390      -2.6051090
       -16.391294      -3.8251040      -2.6891980
       -15.483503      -4.9901130      -2.7977320
       -14.133921      -5.7411780      -2.7931870
       -12.576768      -5.9730450      -2.6855430
       -11.062045      -5.9693290      -2.6165820
       -9.5674540      -5.8936590      -2.6498500
       -8.0603860      -5.6099490      -2.7293420
       -6.7351970      -4.8833350      -2.7378660
       -5.7999280      -3.7769200      -2.6553220
       -5.1020380      -2.5832800      -2.6097980
       -4.5410410      -1.3395960      -2.6388330
       -5.0535520       0.0000000      -3.1961310
       -5.1909030       1.4159110      -3.2332390
       -5.7972120       2.7358040      -3.2337990
       -6.9039620       3.7424350      -3.1280030
       -8.2162880       4.4362860      -3.0275190
       -9.6151110       4.8602350      -2.9737980
       -11.062045       4.9487330      -2.9247720
       -12.470813       4.7320350      -2.8953570
       -13.781083       4.2387420      -2.8927060
       -14.938552       3.4890050      -2.9161810
       -15.920763       2.5247710      -2.9843520
       -16.684155       1.3558540      -3.0960970
       -17.003086       0.0000000      -3.1602510
       -16.670326      -1.3525190      -3.0884810
       -15.972989      -2.5519100      -3.0164300
       -15.206662      -3.7303140      -3.1178730
       -14.148777      -4.8119440      -3.2838850
       -12.668159      -5.3949180      -3.3009510
       -11.062045      -5.4629320      -3.2286710
       -9.4852000      -5.2966070      -3.2407970
       -7.9313760      -4.8804390      -3.3306290
       -6.6169860      -4.0007240      -3.3438860
       -5.7488340      -2.7609430      -3.2635140
       -5.2423470      -1.4035050      -3.2049090
       -5.8278090       0.0000000      -3.7082610
       -5.9829460       1.4853330      -3.7835310
       -6.7762810       2.8025310      -3.7530780
       -8.1040690       3.6643310      -3.5652740
       -9.5646760       4.1477630      -3.4329180
       -11.062045       4.3300220      -3.4083640
       -12.557049       4.1412090      -3.4274940
       -13.936619       3.5610120      -3.4647480
       -15.142475       2.6682590      -3.5732640
       -16.097698       1.4726270      -3.7511660
       -16.390816       0.0000000      -3.7752340
       -15.771620      -1.3772690      -3.5082640
       -14.861507      -2.4845290      -3.3272190
       -13.962923      -3.5935980      -3.4964530
       -12.682676      -4.4892020      -3.7155120
       -11.062045      -4.7302880      -3.7234320
       -9.4353820      -4.5059100      -3.7293410
       -7.8819330      -3.9395120      -3.8330160
       -6.6766640      -2.8676710      -3.8403130
       -6.0429940      -1.4677720      -3.7388000
       -6.7228650       0.0000000      -4.1448970
       -6.9773180       1.5228190      -4.2233170
       -8.0291350       2.7297360      -4.0971380
       -9.5107900       3.3707000      -3.8721280
       -11.062045       3.6208880      -3.8429080
       -12.645228       3.4400750      -3.9518230
       -14.118724       2.7511280      -4.1292460
       -15.289747       1.5761220      -4.3711430
       -15.587358       0.0000000      -4.3226960
       -14.786081      -1.3883510      -3.8503890
       -13.773132      -2.4400830      -3.6623900
       -12.625046      -3.3962200      -3.9014450
       -11.062045      -3.8015510      -4.0346490
       -9.4240610      -3.5591510      -4.0886140
       -7.9546870      -2.7967420      -4.1977100
       -7.0324180      -1.5022780      -4.1663480
       -7.7449000       0.0000000      -4.4589840
       -8.1674840       1.5041220      -4.4928670
       -9.4594060       2.4983740      -4.3086110
       -11.062045       2.8559030      -4.2653430
       -12.732689       2.6043880      -4.4914380
       -14.151909       1.6056090      -4.7960100
       -14.562544       0.0000000      -4.7054520
       -13.736409      -1.3897000      -4.1510830
       -12.571452      -2.3530330      -4.0579600
       -11.062045      -2.8268120      -4.2218940
       -9.4474840      -2.5169590      -4.3406620
       -8.2087210      -1.4826940      -4.4288610
       -8.8291190       0.0000000      -4.6683900
       -9.4815690       1.4224890      -4.6729980
       -11.062045       2.0105410      -4.6702990
       -12.739211       1.5095130      -4.9588800
       -13.410356       0.0000000      -4.9096240
       -12.561296      -1.3493830      -4.4328390
       -11.062045      -1.9044610      -4.4238830
       -9.5189470      -1.3888480      -4.5624830
       -9.9328450       0.0000000      -4.8213150
       -11.062045       1.0406610      -4.9367680
       -12.226651       0.0000000      -4.9724880
       -11.062045     -0.99036700      -4.6981790
       -11.062045       0.0000000      -4.9314250
       -4.7132920       3.1756300       1.1008880
       -4.5163110       3.9214600     -0.19549100
       -4.4214840       1.7486930       1.5477280
       -4.6173250       2.6153420       1.2790690
       -4.4197130       1.7422630       1.5486210
       -4.1648920      0.70720800       1.6608800
       -4.2750700       1.1501420       1.6116690
       -3.4536300       1.2767050      -1.7428010
       -3.8760610     -0.50448900       1.7052460
       -3.7578160      -1.2236870       1.6631320
       -3.7927420      -2.3213090       1.2544350
       -3.5426180       0.0000000      -1.9886700
       -3.9502110      -2.1191090      -1.2665020
       -3.9033540      -2.6375050      0.68484700
       -3.9631780      -2.6107190       0.0000000
       -3.9597150      -2.6067880     0.031149000
       -3.9716180      -2.4244150     -0.67124200
       -3.9751370      -2.4452630     -0.62658400
       -3.9634640      -2.6054320    -0.032328000
       -4.8184930       3.6881760      0.70118000
       -4.8184930       3.6881760      0.70118000
       -4.8091190       3.7080030      0.66261600
       -4.8091190       3.7080030      0.66261600
       -4.7205690       3.8990040      0.33377400
       -4.7205690       3.8990040      0.33377400
       -4.7145150       3.9105570      0.29689200
       -4.7145150       3.9105570      0.29689200
       -4.7761980       3.3632010      0.99655400
       -4.7761980       3.3632010      0.99655400
       -4.7132920       3.1756300       1.1008880
       -4.6536440       3.9932600       0.0000000
       -4.6536440       3.9932600       0.0000000
       -4.5163110       3.9214600     -0.19549100
       -4.4785830       3.8968400     -0.25126600
       -4.4785830       3.8968400     -0.25126600
       -4.0898340       3.6207510     -0.71243000
       -4.0898340       3.6207510     -0.71243000
       -4.1482860       3.6660780     -0.66241800
       -4.1482860       3.6660780     -0.66241800
       -3.9000570       3.3907190     -0.89938500
       -3.9000570       3.3907190     -0.89938500
       -3.7864070       3.1259270      -1.0490220
       -3.7864070       3.1259270      -1.0490220
       -4.5752690       2.4244530       1.3533640
       -4.5752690       2.4244530       1.3533640
       -4.5212060       2.2099430       1.4206770
       -4.5212060       2.2099430       1.4206770
       -4.4214840       1.7486930       1.5477280
       -4.6173250       2.6153420       1.2790690
       -3.6238000       2.7559940      -1.2491450
       -3.6238000       2.7559940      -1.2491450
       -3.5627190       2.6162490      -1.3255490
       -3.5627190       2.6162490      -1.3255490
       -3.5040520       2.4599660      -1.4048930
       -3.5040520       2.4599660      -1.4048930
       -3.4855080       2.3495670      -1.4464540
       -3.4855080       2.3495670      -1.4464540
       -3.4697240       1.6565400      -1.6436830
       -3.4697240       1.6565400      -1.6436830
       -4.4197130       1.7422630       1.5486210
       -4.1648920      0.70720800       1.6608800
       -4.2750700       1.1501420       1.6116690
       -4.0957560      0.43877900       1.6839490
       -4.0957560      0.43877900       1.6839490
       -3.9754100       0.0000000       1.7305210
       -3.9754100       0.0000000       1.7305210
       -3.4536300       1.2767050      -1.7428010
       -3.4858350      0.78530600      -1.8375860
       -3.4858350      0.78530600      -1.8375860
       -3.5189360      0.29605400      -1.9331840
       -3.5189360      0.29605400      -1.9331840
       -3.8834960     -0.46491300       1.7063190
       -3.8834960     -0.46491300       1.7063190
       -3.8760610     -0.50448900       1.7052460
       -3.7578160      -1.2236870       1.6631320
       -3.7700620      -1.6597440       1.5249590
       -3.7700620      -1.6597440       1.5249590
       -3.7721410      -2.0500050       1.3807700
       -3.7721410      -2.0500050       1.3807700
       -3.7927420      -2.3213090       1.2544350
       -3.7927750      -2.3293060       1.2478700
       -3.7927750      -2.3293060       1.2478700
       -3.5426180       0.0000000      -1.9886700
       -3.5780330     -0.21512600      -1.9662420
       -3.5780330     -0.21512600      -1.9662420
       -3.7056660      -1.0246350      -1.8854930
       -3.7056660      -1.0246350      -1.8854930
       -3.7309470      -1.2630530      -1.8455840
       -3.7309470      -1.2630530      -1.8455840
       -3.8823450      -1.7021850      -1.6215440
       -3.8823450      -1.7021850      -1.6215440
       -3.9494430      -2.2275450      -1.0757210
       -3.9494430      -2.2275450      -1.0757210
       -3.9502110      -2.1191090      -1.2665020
       -3.9269880      -2.0357660      -1.3529650
       -3.9269880      -2.0357660      -1.3529650
       -3.8786590      -2.5721540      0.79130500
       -3.8786590      -2.5721540      0.79130500
       -3.9033540      -2.6375050      0.68484700
       -3.9631780      -2.6107190       0.0000000
       -3.9597150      -2.6067880     0.031149000
       -3.9221580      -2.6561570      0.62667900
       -3.9221580      -2.6561570      0.62667900
       -3.9522360      -2.6047180      0.24858100
       -3.9522360      -2.6047180      0.24858100
       -3.9716180      -2.4244150     -0.67124200
       -3.9751370      -2.4452630     -0.62658400
       -3.9608300      -2.5570530     -0.28311700
       -3.9608300      -2.5570530     -0.28311700
       -3.9634640      -2.6054320    -0.032328000
       -3.9543300      -2.2932450     -0.93376800
       -3.9543300      -2.2932450     -0.93376800
